P: 4
              y (u)        z (F)
x (z)                           
0.0    3.528721e-07     0.000000
0.1    3.512685e-07  1030.949663
0.2    3.464661e-07  2057.875543
0.3    3.385582e-07  3052.033509
0.4    3.279191e-07  3938.939665
0.5    3.154591e-07  4593.338986
0.6    3.027513e-07  4873.871819
0.7    2.917388e-07  4715.719430
0.8    2.839413e-07  4239.326024
0.9    2.797212e-07  3716.730060
1.0    2.783365e-07  3314.840827




P: 5
              y (u)        z (F)
x (z)                           
0.0    4.158232e-07     0.000000
0.1    4.142652e-07  1001.753247
0.2    4.095897e-07  2004.584463
0.3    4.018135e-07  3001.083166
0.4    3.910718e-07  3956.687671
0.5    3.778489e-07  4783.569571
0.6    3.633149e-07  5327.188754
0.7    3.495050e-07  5415.406693
0.8    3.388123e-07  5021.936275
0.9    3.326809e-07  4423.063999
1.0    3.307091e-07  3938.561275




P: 6
              y (u)        z (F)
x (z)                           
0.0    4.648530e-07     0.000000
0.1    4.633305e-07   978.880653
0.2    4.587602e-07  1959.698363
0.3    4.511392e-07  2941.791097
0.4    4.405071e-07  3911.553307
0.5    4.270956e-07  4817.847775
0.6    4.116637e-07  5535.638118
0.7    3.959650e-07  5855.900484
0.8    3.828033e-07  5611.113804
0.9    3.747574e-07  4984.495528
1.0    3.721646e-07  4432.276676




P: 7
              y (u)        z (F)
x (z)                           
0.0    5.038601e-07     0.000000
0.1    5.023659e-07   960.672151
0.2    4.978804e-07  1923.402120
0.3    4.903955e-07  2889.492279
0.4    4.799156e-07  3854.656251
0.5    4.665406e-07  4792.037123
0.6    4.507272e-07  5613.467115
0.7    4.338368e-07  6120.258474
0.8    4.186896e-07  6050.027116
0.9    4.088122e-07  5438.294220
1.0    4.055774e-07  4830.417176




P: 8
              y (u)        z (F)
x (z)                           
0.0    5.355533e-07     0.000000
0.1    5.340822e-07   945.876721
0.2    5.296657e-07  1893.807586
0.3    5.222947e-07  2845.634679
0.4    5.119606e-07  3800.913603
0.5    4.986990e-07  4746.700814
0.6    4.827699e-07  5625.469323
0.7    4.651675e-07  6270.002198
0.8    4.484850e-07  6373.315413
0.9    4.369098e-07  5810.459986
1.0    4.330219e-07  5157.171173




P: 9
              y (u)        z (F)
x (z)                           
0.0    5.617515e-07     0.000000
0.1    5.602994e-07   933.646463
0.2    5.559400e-07  1869.325558
0.3    5.486640e-07  2809.013564
0.4    5.384581e-07  3753.782800
0.5    5.253274e-07  4698.114467
0.6    5.094117e-07  5606.371714
0.7    4.914086e-07  6347.482971
0.8    4.735706e-07  6608.575954
0.9    4.604565e-07  6119.360707
1.0    4.559123e-07  5429.713989




P: 10
              y (u)        z (F)
x (z)                           
0.0    5.837704e-07     0.000000
0.1    5.823343e-07   923.367257
0.2    5.780229e-07  1848.745685
0.3    5.708268e-07  2778.134101
0.4    5.607314e-07  3713.184030
0.5    5.477274e-07  4652.179987
0.6    5.318834e-07  5573.970278
0.7    5.136747e-07  6380.399825
0.8    4.949854e-07  6777.259297
0.9    4.804995e-07  6377.952316
1.0    4.753021e-07  5660.153079




P: 11
              y (u)        z (F)
x (z)                           
0.0    6.024613e-07     0.000000
0.1    6.010388e-07   914.641674
0.2    5.967681e-07  1831.275681
0.3    5.896400e-07  2751.894343
0.4    5.796393e-07  3678.361684
0.5    5.667502e-07  4610.859976
0.6    5.510000e-07  5537.404483
0.7    5.327044e-07  6386.776463
0.8    5.133983e-07  6896.314994
0.9    4.977040e-07  6596.089972
1.0    4.918612e-07  5857.639012




P: 12
              y (u)        z (F)
x (z)                           
0.0    6.185595e-07     0.000000
0.1    6.171486e-07   907.126472
0.2    6.129131e-07  1816.228937
0.3    6.058435e-07  2729.286816
0.4    5.959248e-07  3648.236160
0.5    5.831379e-07  4574.188240
0.6    5.674867e-07  5500.798208
0.7    5.491752e-07  6377.601580
0.8    5.294301e-07  6978.302004
0.9    5.126818e-07  6780.752190
1.0    5.062057e-07  6028.527319




P: 13
              y (u)        z (F)
x (z)                           
0.0    6.325680e-07     0.000000
0.1    6.311673e-07   900.586800
0.2    6.269623e-07  1803.135355
0.3    6.199437e-07  2709.611786
0.4    6.100963e-07  3621.971480
0.5    5.974000e-07  4541.772894
0.6    5.818451e-07  5466.075791
0.7    5.635586e-07  6359.816232
0.8    5.435071e-07  7032.923761
0.9    5.258462e-07  6937.522874
1.0    5.187516e-07  6177.787848




P: 14
              y (u)        z (F)
x (z)                           
0.0    6.448351e-07     0.000000
0.1    6.434433e-07   894.860072
0.2    6.392650e-07  1791.669424
0.3    6.322911e-07  2692.381950
0.4    6.225063e-07  3598.953265
0.5    6.098900e-07  4513.152990
0.6    5.944249e-07  5434.068702
0.7    5.761856e-07  6337.781960
0.8    5.559251e-07  7067.617261
0.9    5.374780e-07  7070.968291
1.0    5.297821e-07  6309.374257




P: 15
              y (u)        z (F)
x (z)                           
0.0    6.557091e-07     0.000000
0.1    6.543252e-07   889.783697
0.2    6.501706e-07  1781.505617
0.3    6.432362e-07  2677.108646
0.4    6.335070e-07  3578.542116
0.5    6.209619e-07  4487.672457
0.6    6.055795e-07  5404.782909
0.7    5.873989e-07  6313.882468
0.8    5.670010e-07  7087.651008
0.9    5.478802e-07  7184.450921
1.0    5.396020e-07  6426.048698




